Species	1-99	100-336	337-547	548-704	705-897	898-1130	1131-1213	1214-1414	1415-1492	1493-1602	1603-1820	1821-1915	1916-2084	2085-2260	2261-2336	2337-2570	2571-2688	2689-2951	2952-3035	3036-3132	3133-3257	3258-3372	3373-3602	3603-3713	3714-3877	3878-4004	4005-4137	4138-4245	4246-4349	4350-4474	4475-4594	4595-4778	4779-4890	4891-5045	5046-5199	5200-5391	5392-5564	5565-5706	5707-5977	5978-6099	6100-6288	6289-6373	6374-6669	6670-6739	6740-6966	6967-7149	7150-7347	7348-7598	7599-7821	7822-7967	7968-8107	8108-8278	8279-8412	8413-8581	8582-8719	8720-8789	8790-8967	8968-9074	9075-9204	9205-9335	9336-9420	9421-9563	9564-9658	9659-9796	9797-9917
Cryptococcus_neoformans	2	2	0	2	0	2	0	2	2	2	0	2	2	0	0	0	2	2	0	0	2	2	2	2	0	2	2	2	0	2	2	2	2	2	2	2	2	2	2	0	2	2	2	2	2	2	2	2	2	2	2	2	2	2	2	2	2	2	0	2	2	2	2	2	0
Saccharomyces_cerevisiae	0	2	0	2	0	2	0	2	0	2	0	0	2	0	0	0	2	2	0	0	0	0	2	0	2	0	2	2	0	2	2	2	0	2	2	2	2	0	2	0	2	2	2	2	2	2	2	2	2	2	0	2	2	2	2	2	2	2	2	2	2	2	2	2	0
Sphaeroforma_arctica	0	2	0	0	0	2	0	0	0	2	0	2	2	2	0	2	0	0	0	0	0	2	0	2	0	0	2	2	0	0	0	0	0	2	0	0	2	2	0	0	2	0	2	2	2	2	2	2	2	2	2	2	2	2	2	2	2	2	2	2	2	2	2	0	0
Amoebidium_parasiticum	0	0	1	2	0	0	2	2	0	0	0	0	0	0	0	0	0	0	0	0	0	2	0	0	0	0	0	0	0	0	0	1	0	0	0	0	0	0	0	0	2	0	2	2	0	0	0	1	2	2	2	0	0	2	0	2	2	2	2	0	2	2	2	2	0
Capsaspora_owczarzaki	2	2	0	2	2	0	2	0	2	2	2	2	2	2	0	0	2	2	0	2	2	2	0	2	2	2	0	2	0	2	0	0	2	0	2	0	0	0	0	0	2	0	2	2	2	2	2	2	2	2	2	2	2	2	2	2	2	2	2	0	2	0	2	2	0
Monosiga_ovata	2	2	0	0	0	2	0	2	2	0	0	2	2	0	0	0	2	2	0	0	2	0	0	0	0	0	0	0	0	2	0	2	2	2	0	0	2	0	0	0	2	0	2	0	2	2	2	0	2	2	2	1	0	2	0	0	2	2	2	2	2	2	2	2	0
Mnemiopsis_leidyi	0	0	0	2	0	0	0	0	2	2	0	2	2	2	0	2	2	0	2	0	2	2	2	2	0	0	2	2	2	2	2	0	2	2	2	2	2	0	0	0	2	2	2	0	2	2	2	2	2	2	2	2	2	2	2	2	2	0	2	2	2	2	2	2	0
Mertensiid_sp	2	0	0	0	0	1	0	0	2	2	0	2	0	0	0	0	0	0	2	0	0	0	0	0	0	0	0	0	2	0	2	0	0	0	0	0	0	0	0	0	2	0	2	2	2	2	2	2	2	2	2	2	2	2	2	2	2	0	2	2	2	2	2	2	0
Oscarella_carmela	0	2	2	0	0	2	0	2	2	0	0	0	0	0	0	0	0	0	0	0	0	0	0	0	0	0	0	0	0	0	0	0	0	0	0	0	0	0	0	0	0	0	2	0	0	0	2	2	2	0	0	2	0	2	0	0	2	2	0	0	0	2	2	0	0
Suberites_domuncula	0	0	0	2	0	0	0	0	0	0	0	0	2	0	0	0	0	0	0	0	0	0	0	0	0	0	0	0	0	0	0	0	0	0	0	0	0	0	0	0	2	0	2	0	2	2	2	2	2	2	2	2	2	2	2	2	2	2	2	2	2	2	2	2	0
Acropora_millepora	2	2	0	0	2	0	2	1	0	2	0	2	2	2	0	1	2	2	2	0	0	0	2	2	2	2	2	0	2	2	0	2	2	0	0	0	2	0	0	0	2	2	2	2	2	2	0	1	2	2	2	2	2	2	2	2	1	2	2	2	2	2	2	2	0
Nematostella_vectensis	2	0	2	2	2	2	2	2	2	2	2	2	2	2	2	2	2	2	2	2	2	2	2	2	2	2	2	2	2	2	2	2	0	2	2	2	2	2	2	0	2	2	1	2	2	2	2	2	0	2	2	2	2	2	2	2	2	2	2	2	2	2	2	2	2
Cyanea_capillata	2	0	0	2	0	0	0	0	0	0	0	2	0	0	2	0	2	0	0	2	0	2	2	2	0	0	0	0	2	2	0	0	0	0	0	2	0	2	0	0	2	0	0	0	0	0	2	0	2	2	2	2	2	2	0	2	2	0	2	2	2	0	2	2	0
Hydra_magnipapillata	2	0	2	2	2	2	0	2	2	2	2	2	0	2	0	2	2	2	2	0	2	2	2	2	2	2	2	2	2	2	2	0	2	2	2	2	2	2	2	0	2	2	0	2	0	0	0	0	0	2	2	0	0	0	0	0	1	0	0	0	0	0	0	0	2
Hydractinia_echinata	0	0	1	0	0	0	2	0	0	0	0	0	0	2	0	0	0	1	2	0	0	0	0	0	0	2	0	0	2	0	0	0	0	0	0	2	1	0	0	0	2	2	2	0	2	0	2	2	2	2	2	2	2	2	2	2	2	2	0	2	2	2	2	0	0
Branchiostoma_floridae	2	2	0	0	2	0	2	2	2	0	2	2	0	0	2	2	2	0	2	2	2	2	2	0	2	2	0	2	0	0	0	0	0	0	2	0	0	0	0	2	2	2	0	0	2	2	2	2	0	2	2	2	2	2	2	0	2	0	0	2	2	0	2	2	2
Ciona_intestinalis	0	2	2	2	0	2	2	2	2	2	2	0	2	2	2	0	2	2	0	2	2	2	2	2	2	2	2	2	0	2	0	2	2	2	2	2	2	0	2	0	2	2	2	0	2	2	2	2	2	0	2	2	2	2	2	2	2	2	2	2	2	0	2	2	0
Homo_sapiens	2	2	2	2	0	2	2	2	2	2	2	2	2	0	2	2	2	2	2	2	2	2	2	2	0	2	2	2	0	2	2	2	2	2	2	2	2	2	2	2	2	2	0	2	2	2	2	2	2	2	0	2	2	2	0	0	2	0	0	0	0	0	2	2	2
Gallus_gallus	2	2	0	2	2	0	2	2	2	0	0	0	2	2	2	2	0	2	0	0	2	2	2	2	2	2	0	2	0	2	0	2	2	2	2	2	2	2	2	2	2	2	0	0	2	2	0	2	2	0	2	2	0	2	2	2	2	0	2	2	2	2	2	0	2
Xenoturbella_bocki	0	0	2	0	0	2	2	0	0	0	0	0	2	2	2	0	2	2	0	0	2	2	2	2	0	0	0	0	0	0	0	2	0	2	0	0	0	0	0	0	2	0	2	0	2	0	2	2	2	2	0	2	2	2	2	2	2	0	2	0	2	2	2	2	2
Strongylocentrotus_purpuratus	2	0	2	0	2	2	2	2	0	2	2	2	2	2	2	2	2	2	0	2	2	2	0	2	2	2	2	2	2	2	2	2	2	2	2	2	2	2	2	2	2	2	2	0	2	2	2	2	0	2	2	0	2	0	2	0	2	2	2	2	2	2	2	2	2
Asterina_pectinifera	0	2	0	2	2	2	2	2	2	0	0	2	2	2	2	2	0	2	2	2	2	2	2	2	2	2	2	2	2	0	2	2	2	2	0	2	0	2	2	2	2	2	0	2	2	2	2	2	2	2	0	2	2	2	2	2	0	2	2	2	0	2	2	2	2
Saccoglossus_kowalevskii	0	0	0	0	0	0	0	0	0	0	0	0	2	0	0	0	0	0	0	0	0	0	2	0	0	0	0	0	0	0	0	0	0	0	0	0	0	0	0	0	2	0	2	0	2	2	2	0	2	0	2	2	2	2	2	2	2	2	2	2	2	2	2	2	2
Ptychodera_flava	0	0	0	0	0	0	2	2	2	0	0	2	0	0	2	0	0	0	0	0	2	0	2	0	2	0	0	2	2	2	0	0	0	0	0	0	0	0	0	0	2	2	1	2	2	2	2	2	2	2	2	2	2	2	2	2	2	2	2	2	2	2	2	2	0
Priapulus_caudatus	0	0	0	0	0	0	0	0	0	0	0	0	0	0	0	0	0	0	0	0	0	0	0	0	0	0	0	0	0	0	0	0	0	0	0	0	0	0	0	0	2	0	0	0	0	0	0	0	2	2	0	0	2	0	2	0	0	2	2	2	2	0	2	0	0
Echinoderes_horni	0	0	0	0	1	0	0	0	0	2	0	0	0	2	2	0	0	0	0	0	0	0	0	1	2	0	0	2	2	0	2	0	0	0	0	2	2	2	0	0	2	0	0	0	2	2	2	2	0	0	2	2	2	2	2	2	2	2	2	2	2	2	2	2	0
Hypsibius_dujardini	0	0	0	2	2	0	0	0	2	0	0	2	2	0	2	2	0	2	2	2	2	0	2	0	0	2	2	0	0	0	2	0	0	0	0	0	0	2	0	0	2	0	0	0	2	2	2	2	2	2	2	2	0	2	2	2	2	2	2	2	2	2	2	2	2
Richtersius_coronifer	0	0	2	0	0	1	0	0	2	0	2	0	0	0	0	0	2	0	0	0	2	2	2	0	0	0	2	0	0	0	2	2	0	0	2	0	0	2	2	0	2	0	2	0	2	2	0	2	0	0	2	0	2	0	2	2	0	0	0	2	2	2	2	2	0
Spinochordodes_tellinii	0	0	0	0	0	0	0	0	0	0	0	0	0	0	0	0	0	0	0	2	0	2	0	0	0	0	0	0	0	0	0	0	0	0	0	0	0	0	0	0	2	0	0	0	0	0	0	0	0	0	2	0	0	0	0	0	0	0	2	0	2	0	0	2	0
Xiphinema_index	2	0	0	0	0	2	0	0	0	2	2	2	2	0	0	0	2	0	0	2	0	0	0	2	2	0	0	2	0	0	0	0	2	0	0	2	0	1	0	0	2	0	2	0	2	0	2	2	2	2	2	2	0	2	2	0	2	2	2	0	2	2	2	2	0
Trichinella_spiralis	2	0	1	2	0	0	0	0	0	2	2	0	0	2	0	0	2	2	2	1	0	2	0	0	2	0	0	0	2	0	2	2	2	2	2	0	1	2	2	0	2	2	1	2	2	2	2	2	2	0	2	0	2	1	2	0	2	2	0	0	2	2	2	2	2
Euperipatoides_kanangrensis	0	0	0	0	0	0	0	0	2	2	2	0	0	0	2	2	0	0	2	0	0	2	0	2	2	2	2	0	0	0	0	0	0	0	0	2	0	0	0	2	2	0	0	0	0	2	2	0	2	2	2	2	2	2	2	2	2	2	0	0	2	2	2	2	2
Drosophila_melanogaster	2	2	2	2	2	0	2	2	2	2	2	2	2	2	2	2	2	2	2	2	2	2	2	2	2	2	2	2	2	2	2	2	2	2	2	2	2	2	2	2	2	2	2	2	2	2	2	2	2	2	2	2	2	2	2	2	2	2	2	2	0	2	2	0	2
Daphnia_magna	0	0	0	0	2	1	0	0	2	0	2	0	0	0	2	0	0	0	0	0	2	0	0	0	0	2	0	0	0	2	2	0	2	0	2	2	0	0	0	2	2	0	2	0	2	2	2	2	2	0	2	2	2	0	2	0	2	0	2	2	2	2	0	2	2
Carcinus_maenas	2	2	0	2	2	0	0	2	0	0	2	0	2	1	0	2	2	2	0	0	0	0	0	0	2	0	0	0	0	2	0	2	2	0	2	2	0	0	0	2	2	0	2	2	1	0	2	1	2	2	1	0	0	2	0	0	0	0	0	0	0	0	0	0	2
Fenneropenaeus_chinensis	0	0	0	0	0	1	2	2	0	0	0	0	0	0	2	0	0	0	2	0	0	0	0	0	0	2	0	0	2	0	0	2	0	2	2	0	0	2	2	2	2	2	0	0	2	0	0	2	2	2	2	2	2	2	2	2	1	0	2	2	2	2	2	2	2
Scutigera_coleoptrata	0	0	0	0	0	0	2	1	0	0	0	0	0	0	2	2	0	0	2	0	0	0	0	0	0	0	0	0	0	0	0	0	0	0	2	0	0	2	0	0	2	0	0	0	2	0	2	2	2	2	2	2	2	2	2	2	2	2	2	2	2	2	2	2	0
Anoplodactylus_eroticus	2	2	0	0	0	0	0	0	0	2	0	0	0	0	2	0	0	2	2	0	0	0	2	2	0	0	0	0	0	0	0	0	0	0	0	0	0	0	0	2	2	0	2	0	2	2	2	2	2	2	2	2	2	2	2	2	2	2	0	2	2	2	2	2	2
Carcinoscorpius_rotundicauda	0	0	0	0	0	0	0	0	0	0	0	0	0	0	0	0	0	0	0	0	0	0	0	0	0	0	0	0	0	0	0	0	0	0	0	0	0	0	0	0	0	0	1	0	0	2	0	1	1	0	0	0	0	0	0	0	0	0	0	0	0	0	0	2	0
Acanthoscurria_gomesiana	2	1	1	2	2	2	0	0	0	0	2	2	2	2	0	1	0	2	0	2	2	0	0	0	2	2	2	0	0	0	0	0	0	2	0	0	0	0	0	0	2	0	2	0	2	2	2	2	2	2	2	2	2	2	0	0	2	0	2	2	2	2	2	2	0
Boophilus_microplus	2	0	2	2	2	2	0	2	0	0	1	0	2	2	0	2	0	2	0	2	2	0	2	2	2	0	2	0	2	2	2	2	2	0	2	2	2	0	2	2	2	2	0	2	2	2	2	2	0	2	2	0	2	2	2	2	2	2	2	2	0	2	2	0	2
Flaccisagitta_enflata	2	0	0	0	0	0	2	0	0	2	0	0	0	0	0	0	0	2	2	0	0	0	2	0	0	0	0	1	0	0	0	0	0	0	0	0	0	0	0	0	2	0	1	0	1	2	1	1	0	2	2	2	2	1	2	0	2	2	0	0	2	2	2	2	2
Spadella_cephaloptera	0	0	0	0	0	0	0	0	0	0	0	0	0	0	0	0	0	0	0	0	0	0	0	0	0	0	0	0	0	0	0	0	0	0	0	0	0	0	0	0	2	0	2	0	0	0	2	0	2	2	2	2	2	0	2	2	2	2	2	2	2	2	2	2	0
Bugula_neritina	0	2	2	0	0	0	2	0	2	0	0	2	0	0	2	0	2	0	2	2	0	0	0	0	0	0	0	0	2	0	0	0	2	2	2	0	0	2	2	2	2	0	2	2	2	2	2	2	2	2	2	2	2	2	2	2	2	2	2	2	2	2	2	2	2
Cristatella_mucedo	0	0	2	0	2	0	0	2	2	0	2	0	0	0	2	0	2	0	0	0	0	2	0	2	2	0	2	2	0	0	0	0	0	2	0	0	0	2	0	0	2	2	2	0	2	2	2	2	2	2	2	1	2	2	2	2	2	2	2	2	2	2	2	2	0
Turbanella_ambronensis	0	0	0	2	0	0	0	0	2	0	0	2	0	0	2	0	2	0	2	0	0	0	0	0	0	2	0	0	2	0	2	0	0	0	0	0	0	0	0	0	2	2	0	2	0	0	2	0	2	2	2	2	2	0	2	2	2	2	2	2	0	2	2	2	0
Macrostomum_lignano	2	0	2	0	0	2	0	0	0	0	0	0	0	2	0	0	0	0	0	0	0	0	2	0	0	0	0	0	0	0	0	0	0	2	0	0	0	0	0	0	0	0	0	2	0	0	2	2	1	0	2	2	2	2	2	0	2	2	2	2	0	1	2	2	0
Echinococcus_granulosus	2	0	2	0	2	0	2	2	0	0	2	2	0	2	0	0	0	0	0	0	2	0	0	2	0	0	0	0	2	2	2	2	2	2	0	0	0	2	2	0	2	0	2	0	2	2	2	2	2	2	2	2	2	0	2	2	2	2	2	2	2	2	2	2	2
Dugesia_japonica	0	2	1	2	0	2	0	2	0	2	2	2	0	0	0	0	0	0	0	0	0	0	0	0	0	0	2	0	0	0	0	0	0	2	0	0	0	2	1	0	2	0	0	0	2	2	0	2	2	0	2	2	2	0	0	2	2	0	0	2	2	2	0	2	2
Schmidtea_mediterranea	2	2	2	2	2	2	0	2	2	2	0	2	2	2	0	2	2	2	0	0	2	2	2	2	2	2	0	0	2	2	2	2	2	2	2	2	2	2	2	2	2	2	2	2	2	2	2	2	2	2	2	2	2	2	2	2	2	2	2	2	2	2	2	2	2
Brachionus_plicatilis	2	2	0	2	2	0	2	0	2	2	0	2	0	0	0	0	0	0	0	2	0	0	2	2	2	2	2	0	2	0	2	2	0	0	0	2	1	0	2	0	2	0	1	0	2	2	2	2	2	2	2	2	2	2	2	2	0	2	2	2	0	2	2	2	0
Philodina_roseola	2	0	0	0	2	2	0	0	2	2	0	2	0	0	0	0	0	2	0	2	0	0	0	2	0	0	2	2	2	2	2	0	2	0	0	2	0	0	0	2	2	2	2	2	2	0	2	2	2	2	2	2	2	0	2	0	2	2	0	2	2	0	2	2	0
Myzostoma_seymourcollegiorum	0	0	0	0	0	0	0	0	0	0	0	0	0	0	0	0	0	0	0	0	0	0	0	0	0	0	0	0	0	0	0	0	0	0	0	0	0	0	0	0	2	0	2	0	2	0	2	2	2	2	2	2	2	2	2	2	2	2	2	2	2	2	2	2	0
Gnathostomula_peregrina	0	2	0	2	0	0	2	0	0	2	0	0	2	2	2	0	0	2	2	2	0	0	0	0	0	0	0	2	2	0	2	2	0	0	0	0	1	0	1	2	2	0	0	0	2	0	2	0	0	2	2	2	2	2	2	2	2	2	2	2	2	2	2	2	0
Neochildia_fusca	0	0	2	0	0	0	0	0	0	0	0	0	0	0	0	0	0	0	0	0	0	0	0	0	0	0	0	0	0	0	0	0	0	0	0	0	0	0	0	0	0	0	1	0	2	0	2	0	0	0	2	0	0	0	1	2	0	0	1	0	0	0	0	0	2
Symsagittifera_roscoffensis	0	0	0	0	0	0	2	0	0	0	0	0	0	0	0	0	0	0	0	0	0	0	0	0	0	0	0	2	0	0	0	0	0	0	0	0	0	0	0	0	1	0	0	0	0	0	0	1	0	1	0	0	2	1	1	0	0	0	0	2	1	2	2	0	1
Pedicellina_cernua	0	0	0	0	0	2	0	0	0	0	2	0	0	0	0	0	0	0	0	0	0	0	0	0	0	0	0	0	0	0	0	0	0	0	0	0	0	0	0	0	2	0	0	0	2	0	0	0	0	2	0	2	2	2	0	2	0	2	0	2	2	0	2	0	2
Chaetopleura_apiculata	0	0	0	0	0	0	2	0	0	0	0	0	0	0	0	0	0	0	0	0	0	0	0	0	0	0	0	2	0	0	0	0	0	0	0	0	0	0	0	0	2	0	0	0	2	0	2	2	0	2	2	2	2	2	2	2	2	2	2	0	2	2	2	2	0
Euprymna_scolopes	0	2	2	0	0	2	0	1	0	2	0	2	2	2	2	1	0	2	0	0	2	0	0	2	2	0	2	0	0	2	0	0	2	2	0	0	2	0	2	2	2	2	2	0	2	2	2	2	2	2	2	2	0	2	0	2	2	0	2	2	0	2	2	0	2
Chaetoderma_nitidulum	0	0	0	0	0	0	2	0	0	0	0	0	0	0	0	0	0	0	0	0	0	0	0	0	0	0	0	0	0	0	0	0	0	0	0	0	0	0	0	0	2	0	0	0	2	2	2	2	2	2	2	2	2	2	2	2	2	2	2	2	2	2	2	2	0
Aplysia_californica	0	0	0	0	0	0	0	0	2	0	0	0	0	0	0	0	0	0	0	0	0	0	0	0	0	0	0	0	0	0	0	0	0	0	0	2	0	0	0	0	0	0	0	0	0	0	1	0	0	0	0	0	0	0	2	0	2	0	0	0	2	2	0	0	0
Biomphalaria_glabrata	0	0	1	0	0	0	0	0	0	0	0	2	0	0	0	1	0	1	0	0	0	2	1	2	0	2	0	0	0	2	0	0	0	0	0	0	1	0	0	2	2	0	0	0	1	2	2	2	2	2	2	2	2	0	2	2	0	2	2	2	0	2	2	2	2
Mytilus_galloprovincialis	0	0	0	0	0	0	0	0	0	0	0	0	0	0	2	0	0	0	0	2	0	0	1	0	0	2	0	2	0	0	0	0	0	0	0	0	0	0	2	2	2	0	1	0	2	0	0	2	2	2	2	2	2	2	2	2	2	2	0	0	2	2	2	2	2
Argopecten_irradians	0	0	2	0	0	0	0	0	0	0	0	2	0	0	0	2	0	0	0	0	2	1	0	0	0	0	0	2	0	0	0	0	0	0	2	0	0	0	0	0	2	0	1	0	2	2	2	2	2	2	2	2	2	2	2	2	2	2	2	2	2	2	2	2	0
Crassostrea_virginica	2	2	0	0	2	2	0	2	0	2	0	2	0	0	0	2	0	0	2	0	0	0	0	0	0	0	2	0	2	2	0	0	0	2	0	1	0	0	2	2	2	0	2	0	2	2	2	2	2	2	2	2	2	2	2	2	2	0	2	2	0	2	2	2	2
Phoronis_vancouverensis	0	0	0	0	0	0	0	0	0	0	0	0	0	0	0	0	0	0	0	0	0	0	0	0	0	0	0	0	0	0	0	0	0	0	0	0	0	0	0	0	2	0	0	0	0	2	0	2	2	0	0	2	1	0	2	0	0	2	2	2	0	2	2	2	1
Terebratalia_transversa	2	0	0	0	2	0	0	0	0	0	2	0	2	2	0	0	2	2	2	2	0	0	2	0	2	0	2	0	0	2	0	2	2	0	0	0	2	2	0	2	2	2	2	2	0	2	2	2	2	2	2	2	2	2	0	2	2	2	2	2	2	2	2	2	0
Carinoma_mutabilis	2	2	0	0	0	2	0	0	0	0	0	0	0	0	2	0	0	0	2	2	0	0	0	0	0	0	2	0	2	0	0	2	0	0	0	0	0	0	0	0	2	0	2	0	2	2	2	2	2	2	2	2	2	2	2	2	2	2	0	2	2	2	2	0	0
Cerebratulus_lacteus	0	0	0	0	0	0	2	0	2	0	0	0	0	2	0	2	0	0	0	2	0	0	0	0	0	2	0	0	0	0	2	0	0	0	0	0	0	0	0	0	2	0	2	0	2	0	2	2	2	2	2	2	2	2	2	2	1	2	2	2	2	2	2	2	2
Themiste_lageniformis	0	0	0	0	2	0	2	0	0	0	2	0	2	0	2	0	2	0	2	2	0	0	0	0	0	0	2	0	2	2	0	0	2	0	2	0	0	0	0	2	0	0	0	2	2	2	2	2	2	2	2	2	2	2	2	0	2	2	2	2	2	2	2	0	1
Platynereis_dumerilii	0	0	0	2	0	0	0	0	0	0	0	0	0	0	0	0	2	0	0	2	0	0	0	0	0	0	0	0	0	0	0	0	0	1	2	0	0	0	0	2	0	0	2	0	2	2	0	2	2	0	0	0	0	0	0	2	2	2	0	2	0	0	2	0	0
Urechis_caupo	2	0	0	2	2	0	0	0	2	2	2	0	0	0	0	2	0	0	2	0	0	2	2	0	0	0	0	0	0	0	0	0	2	0	0	2	0	0	0	0	2	0	2	0	2	2	2	2	0	2	2	2	2	2	2	2	2	2	2	2	2	2	2	2	0
Capitella_sp	2	2	2	2	2	2	2	2	0	2	2	2	2	2	2	2	0	1	2	0	2	0	2	2	2	2	2	2	0	0	2	2	2	0	2	0	2	2	2	2	2	2	0	0	0	0	2	2	0	2	2	2	2	2	2	2	2	2	2	0	2	2	2	0	1
Lumbricus_rubellus	2	2	2	2	0	2	2	0	2	2	2	0	2	0	0	2	2	0	2	2	2	1	0	2	0	2	2	0	0	0	0	0	0	1	0	0	2	0	2	2	2	0	2	2	2	2	2	2	0	2	0	0	0	0	2	0	2	2	2	2	1	2	2	2	0
Haementeria_depressa	2	0	0	0	0	0	0	0	0	2	0	0	0	0	0	0	0	0	0	0	2	0	0	0	0	0	0	0	0	0	0	0	0	0	2	0	0	0	0	0	2	0	1	0	2	0	1	0	0	2	2	2	2	2	2	0	0	0	0	0	0	0	0	1	1
