Species	1-99	100-336	337-547	548-704	705-897	898-1130	1131-1213	1214-1414	1415-1492	1493-1602	1603-1820	1821-1915	1916-2084	2085-2260	2261-2336	2337-2570	2571-2688	2689-2951	2952-3035	3036-3132	3133-3257	3258-3372	3373-3602	3603-3713	3714-3877	3878-4004	4005-4137	4138-4245	4246-4349	4350-4474	4475-4594	4595-4778	4779-4890	4891-5045	5046-5199	5200-5391	5392-5564	5565-5706	5707-5977	5978-6099	6100-6288	6289-6373	6374-6669	6670-6739	6740-6966	6967-7149	7150-7347	7348-7598	7599-7821	7822-7967	7968-8107	8108-8278	8279-8412	8413-8581	8582-8719	8720-8789	8790-8967	8968-9074	9075-9204	9205-9335	9336-9420	9421-9563	9564-9658	9659-9796	9797-9917
Cryptococcus_neoformans	98	97	0	93	0	93	0	98	100	91	0	93	100	0	0	0	93	95	0	0	96	93	96	99	0	71	97	96	0	94	94	96	98	88	97	95	99	98	99	0	98	84	95	99	98	99	93	99	92	94	98	95	98	97	93	99	93	90	0	91	96	97	98	95	0
Saccharomyces_cerevisiae	0	97	0	91	0	94	0	99	0	93	0	0	100	0	0	0	95	92	0	0	0	0	99	0	93	0	96	96	0	96	100	91	0	84	100	95	100	0	93	0	98	99	95	95	97	99	85	99	90	99	0	87	100	89	86	99	96	90	97	75	96	97	98	98	0
Sphaeroforma_arctica	0	58	0	0	0	94	0	0	0	73	0	86	100	94	0	96	0	0	0	0	0	74	0	59	0	0	94	97	0	0	0	0	0	68	0	0	65	93	0	0	94	0	96	90	97	87	93	99	92	98	100	93	96	57	78	99	96	90	97	88	96	97	98	0	0
Amoebidium_parasiticum	0	0	35	76	0	0	97	82	0	0	0	0	0	0	0	0	0	0	0	0	0	82	0	0	0	0	0	0	0	0	0	21	0	0	0	0	0	0	0	0	96	0	91	99	0	0	0	18	74	98	100	0	0	97	0	100	66	90	97	0	76	97	98	61	0
Capsaspora_owczarzaki	92	64	0	93	85	0	93	0	92	90	97	93	100	70	0	0	94	59	0	88	70	94	0	100	95	80	0	96	0	92	0	0	83	0	90	0	0	0	0	0	97	0	75	99	97	84	94	95	83	99	100	93	98	97	84	99	93	91	97	0	97	0	98	97	0
Monosiga_ovata	91	93	0	0	0	52	0	98	94	0	0	93	99	0	0	0	96	89	0	0	92	0	0	0	0	0	0	0	0	93	0	86	87	54	0	0	97	0	0	0	97	0	97	0	75	87	85	0	92	91	78	43	0	73	0	0	94	90	97	84	68	97	98	97	0
Mnemiopsis_leidyi	0	0	0	90	0	0	0	0	92	90	0	98	100	94	0	100	96	0	92	0	97	96	95	98	0	0	95	99	89	92	100	0	83	97	97	54	91	0	0	0	96	98	95	0	94	99	94	99	79	98	91	93	98	97	87	99	95	0	97	90	96	97	98	97	0
Mertensiid_sp	92	0	0	0	0	35	0	0	80	90	0	99	0	0	0	0	0	0	96	0	0	0	0	0	0	0	0	0	99	0	100	0	0	0	0	0	0	0	0	0	96	0	95	100	93	94	94	99	92	98	100	93	97	97	87	99	95	0	97	88	96	97	97	97	0
Oscarella_carmela	0	81	95	0	0	65	0	98	100	0	0	0	0	0	0	0	0	0	0	0	0	0	0	0	0	0	0	0	0	0	0	0	0	0	0	0	0	0	0	0	0	0	94	0	0	0	72	96	61	0	0	93	0	97	0	0	95	90	0	0	0	70	97	0	0
Suberites_domuncula	0	0	0	90	0	0	0	0	0	0	0	0	100	0	0	0	0	0	0	0	0	0	0	0	0	0	0	0	0	0	0	0	0	0	0	0	0	0	0	0	96	0	95	0	97	99	94	96	94	98	100	95	98	97	90	99	95	96	97	89	96	97	98	98	0
Acropora_millepora	80	93	0	0	94	0	96	18	0	90	0	93	100	52	0	49	96	87	100	0	0	0	87	100	98	85	97	0	97	92	0	85	86	0	0	0	65	0	0	0	96	98	95	96	96	87	0	28	94	93	100	95	98	97	90	80	44	55	97	91	96	97	98	58	0
Nematostella_vectensis	94	0	91	90	94	92	96	98	100	90	97	93	100	93	89	97	96	86	64	94	85	91	95	100	98	78	97	96	97	92	100	96	0	97	97	92	99	79	95	0	97	97	28	99	96	99	95	99	0	79	100	95	98	97	90	99	95	90	97	91	96	97	98	97	59
Cyanea_capillata	92	0	0	90	0	0	0	0	0	0	0	93	0	0	93	0	96	0	0	94	0	91	93	100	0	0	0	0	98	92	0	0	0	0	0	83	0	94	0	0	95	0	0	0	0	0	76	0	57	98	100	89	98	97	0	99	93	0	97	67	96	0	95	89	0
Hydra_magnipapillata	91	0	96	90	94	92	0	98	100	90	98	93	0	94	0	97	91	88	99	0	93	92	95	98	98	85	88	96	90	92	93	0	84	97	97	92	99	94	94	0	53	96	0	99	0	0	0	0	0	98	100	0	0	0	0	0	43	0	0	0	0	0	0	0	100
Hydractinia_echinata	0	0	28	0	0	0	94	0	0	0	0	0	0	69	0	0	0	29	99	0	0	0	0	0	0	85	0	0	89	0	0	0	0	0	0	92	43	0	0	0	94	84	74	0	75	0	95	61	89	98	100	92	98	92	90	99	93	89	0	90	96	91	98	0	0
Branchiostoma_floridae	92	73	0	0	96	0	93	87	100	0	80	72	0	0	95	97	85	0	100	94	97	91	95	0	83	89	0	96	0	0	0	0	0	0	87	0	0	0	0	97	94	82	0	0	97	99	95	99	0	98	100	93	98	97	84	0	95	0	0	92	96	0	98	97	100
Ciona_intestinalis	0	93	91	91	0	87	98	98	100	92	97	0	100	93	91	0	96	88	0	94	94	92	94	98	98	100	96	96	0	92	0	91	82	97	97	90	58	0	96	0	97	97	95	0	96	91	94	98	94	0	100	77	98	97	90	99	83	72	97	92	86	0	98	97	0
Homo_sapiens	92	93	93	90	0	92	99	98	100	90	97	93	100	0	90	97	96	88	100	94	98	91	95	100	0	97	95	96	0	92	100	96	86	97	97	91	99	94	95	97	98	86	0	99	97	99	95	99	94	98	0	93	98	97	0	0	95	0	0	0	0	0	98	97	100
Gallus_gallus	92	93	0	56	94	0	97	82	86	0	0	0	77	93	77	97	0	88	0	0	92	91	95	100	98	97	0	96	0	92	0	96	85	97	97	91	99	94	95	97	98	86	0	0	97	78	0	99	94	0	100	93	0	97	90	99	98	0	100	93	96	97	98	0	100
Xenoturbella_bocki	0	0	96	0	0	63	98	0	0	0	0	0	100	93	91	0	80	81	0	0	98	85	94	100	0	0	0	0	0	0	0	96	0	97	0	0	0	0	0	0	97	0	89	0	97	0	95	99	94	98	0	93	98	97	84	85	89	0	97	0	96	97	98	97	100
Strongylocentrotus_purpuratus	92	0	95	0	94	92	97	98	0	77	83	85	99	93	91	97	96	83	0	64	76	84	0	100	60	95	96	96	99	76	100	96	52	97	97	90	91	94	87	66	97	98	95	0	97	99	83	99	0	98	100	0	98	0	90	0	94	90	68	91	89	52	98	97	100
Asterina_pectinifera	0	76	0	90	94	62	97	71	100	0	0	93	100	93	91	60	0	77	100	94	97	91	75	100	86	95	96	96	100	0	100	96	87	99	0	88	0	94	95	97	97	96	0	99	97	99	95	84	94	98	0	93	98	97	86	99	0	73	97	91	0	97	65	97	100
Saccoglossus_kowalevskii	0	0	0	0	0	0	0	0	0	0	0	0	100	0	0	0	0	0	0	0	0	0	95	0	0	0	0	0	0	0	0	0	0	0	0	0	0	0	0	0	97	0	90	0	97	99	95	0	91	0	100	93	98	97	90	73	95	90	97	91	95	97	98	97	100
Ptychodera_flava	0	0	0	0	0	0	97	98	100	0	0	91	0	0	91	0	0	0	0	0	97	0	95	0	81	0	0	96	98	92	0	0	0	0	0	0	0	0	0	0	97	98	49	99	97	99	95	99	94	98	100	93	98	97	90	99	94	90	97	91	95	97	98	97	0
Priapulus_caudatus	0	0	0	0	0	0	0	0	0	0	0	0	0	0	0	0	0	0	0	0	0	0	0	0	0	0	0	0	0	0	0	0	0	0	0	0	0	0	0	0	82	0	0	0	0	0	0	0	72	97	0	0	96	0	86	0	0	90	97	91	96	0	98	0	0
Echinoderes_horni	0	0	0	0	48	0	0	0	0	90	0	0	0	93	95	0	0	0	0	0	0	0	0	46	98	0	0	98	99	0	99	0	0	0	0	91	83	94	0	0	97	0	0	0	95	99	72	91	0	0	100	89	76	97	90	83	89	72	97	89	96	97	98	98	0
Hypsibius_dujardini	0	0	0	90	81	0	0	0	100	0	0	97	94	0	95	57	0	75	100	99	99	0	95	0	0	95	85	0	0	0	96	0	0	0	0	0	0	94	0	0	97	0	0	0	82	99	94	99	92	98	100	92	0	97	97	99	95	51	83	94	96	97	98	98	100
Richtersius_coronifer	0	0	77	0	0	48	0	0	100	0	99	0	0	0	0	0	96	0	0	0	99	91	96	0	0	0	94	0	0	0	100	95	0	0	93	0	0	86	93	0	78	0	85	0	97	99	0	99	0	0	100	0	98	0	97	99	0	0	0	96	96	97	98	98	0
Spinochordodes_tellinii	0	0	0	0	0	0	0	0	0	0	0	0	0	0	0	0	0	0	0	93	0	92	0	0	0	0	0	0	0	0	0	0	0	0	0	0	0	0	0	0	97	0	0	0	0	0	0	0	0	0	100	0	0	0	0	0	0	0	97	0	96	0	0	97	0
Xiphinema_index	96	0	0	0	0	75	0	0	0	89	74	98	100	0	0	0	89	0	0	94	0	0	0	91	80	0	0	64	0	0	0	0	86	0	0	71	0	34	0	0	97	0	78	0	97	0	95	82	94	98	100	95	0	97	90	0	95	90	97	0	93	97	98	98	0
Trichinella_spiralis	93	0	32	77	0	0	0	0	0	93	75	0	0	87	0	0	96	64	100	38	0	71	0	0	72	0	0	0	97	0	70	54	81	95	82	0	42	94	59	0	92	64	48	99	70	77	87	84	88	0	100	0	62	30	83	0	92	90	0	0	96	97	98	92	100
Euperipatoides_kanangrensis	0	0	0	0	0	0	0	0	100	90	95	0	0	0	95	86	0	0	100	0	0	91	0	91	98	95	95	0	0	0	0	0	0	0	0	90	0	0	0	98	97	0	0	0	0	96	95	0	94	98	100	93	98	97	90	99	85	66	0	0	80	97	93	94	100
Drosophila_melanogaster	96	93	96	91	93	0	97	98	100	90	96	97	100	93	93	98	97	86	100	94	99	91	96	100	98	94	95	96	98	93	100	96	86	97	97	91	99	93	95	98	97	99	95	99	97	99	95	99	94	98	100	93	98	97	86	99	95	90	97	92	0	97	98	0	100
Daphnia_magna	0	0	0	0	88	49	0	0	100	0	98	0	0	0	95	0	0	0	0	0	97	0	0	0	0	95	0	0	0	92	100	0	67	0	62	73	0	0	0	98	97	0	95	0	96	96	95	99	94	0	85	93	98	0	90	0	94	0	97	90	96	97	0	97	100
Carcinus_maenas	96	83	0	92	91	0	0	86	0	0	96	0	100	40	0	74	97	87	0	0	0	0	0	0	98	0	0	0	0	92	0	73	86	0	97	91	0	0	0	98	98	0	79	99	28	0	95	49	89	98	19	0	0	97	0	0	0	0	0	0	0	0	0	0	82
Fenneropenaeus_chinensis	0	0	0	0	0	50	97	82	0	0	0	0	0	0	95	0	0	0	100	0	0	0	0	0	0	95	0	0	96	0	0	91	0	95	88	0	0	64	71	98	84	80	0	0	97	0	0	88	79	95	75	93	95	97	85	82	38	0	97	79	86	97	98	92	100
Scutigera_coleoptrata	0	0	0	0	0	0	93	18	0	0	0	0	0	0	95	93	0	0	100	0	0	0	0	0	0	0	0	0	0	0	0	0	0	0	97	0	0	94	0	0	97	0	0	0	97	0	95	99	94	98	100	93	98	97	90	83	95	90	97	91	96	97	95	97	0
Anoplodactylus_eroticus	96	93	0	0	0	0	0	0	0	90	0	0	0	0	94	0	0	85	85	0	0	0	95	99	0	0	0	0	0	0	0	0	0	0	0	0	0	0	0	98	97	0	95	0	97	90	95	94	94	98	100	93	98	97	90	99	95	90	0	91	90	97	98	97	100
Carcinoscorpius_rotundicauda	0	0	0	0	0	0	0	0	0	0	0	0	0	0	0	0	0	0	0	0	0	0	0	0	0	0	0	0	0	0	0	0	0	0	0	0	0	0	0	0	0	0	23	0	0	79	0	17	25	0	0	0	0	0	0	0	0	0	0	0	0	0	0	97	0
Acanthoscurria_gomesiana	96	30	34	90	89	52	0	0	0	0	96	97	100	93	0	33	0	83	0	91	99	0	0	0	91	93	95	0	0	0	0	0	0	97	0	0	0	0	0	0	95	0	72	0	96	63	92	94	86	98	100	95	98	86	0	0	95	0	97	91	96	97	98	97	0
Boophilus_microplus	96	0	96	90	94	94	0	61	0	0	34	0	100	93	0	96	0	87	0	94	99	0	95	91	98	0	95	0	99	91	100	96	86	0	97	91	99	0	95	98	97	98	0	99	97	90	95	99	0	98	100	0	98	97	90	99	95	90	97	91	0	97	98	0	100
Flaccisagitta_enflata	67	0	0	0	0	0	97	0	0	90	0	0	0	0	0	0	0	58	100	0	0	0	66	0	0	0	0	50	0	0	0	0	0	0	0	0	0	0	0	0	86	0	47	0	50	55	43	43	0	96	92	95	95	38	87	0	75	90	0	0	96	97	98	97	61
Spadella_cephaloptera	0	0	0	0	0	0	0	0	0	0	0	0	0	0	0	0	0	0	0	0	0	0	0	0	0	0	0	0	0	0	0	0	0	0	0	0	0	0	0	0	96	0	95	0	0	0	95	0	94	91	100	95	98	0	90	73	95	90	97	79	95	97	98	97	0
Bugula_neritina	0	87	52	0	0	0	97	0	100	0	0	97	0	0	95	0	96	0	99	94	0	0	0	0	0	0	0	0	98	0	0	0	86	96	79	0	0	94	81	98	96	0	95	99	97	99	95	99	96	96	93	93	98	97	89	99	95	90	97	91	96	97	98	95	91
Cristatella_mucedo	0	0	63	0	94	0	0	98	100	0	96	0	0	0	94	0	96	0	0	0	0	83	0	100	98	0	95	96	0	0	0	0	0	99	0	0	0	96	0	0	91	89	95	0	97	99	95	95	94	97	91	40	98	97	86	83	95	90	97	90	96	97	98	97	0
Turbanella_ambronensis	0	0	0	90	0	0	0	0	100	0	0	97	0	0	93	0	96	0	93	0	0	0	0	0	0	93	0	0	80	0	100	0	0	0	0	0	0	0	0	0	90	98	0	99	0	0	95	0	60	98	99	93	98	0	86	100	95	90	97	90	0	91	98	97	0
Paraplanocera_sp	0	87	0	81	91	0	0	0	100	0	0	57	0	93	94	0	0	0	0	0	100	91	0	0	0	95	0	0	0	92	100	0	85	97	0	86	0	96	0	98	96	0	93	0	97	99	0	99	94	0	100	94	98	97	90	60	85	90	97	97	85	86	98	97	96
Macrostomum_lignano	96	0	73	0	0	65	0	0	0	0	0	0	0	50	0	0	0	0	0	0	0	0	77	0	0	0	0	0	0	0	0	0	0	97	0	0	0	0	0	0	0	0	0	99	0	0	81	58	49	0	100	64	98	97	90	0	95	90	94	75	0	46	90	97	0
Echinococcus_granulosus	89	0	100	0	64	0	92	97	0	0	99	97	0	63	0	0	0	0	0	0	100	0	0	100	0	0	0	0	90	92	100	96	86	97	0	0	0	93	54	0	96	0	95	0	65	99	91	86	97	98	100	96	98	0	89	100	92	90	97	88	96	97	98	96	100
Dugesia_japonica	0	70	34	90	0	55	0	75	0	90	70	93	0	0	0	0	0	0	0	0	0	0	0	0	0	0	79	0	0	0	0	0	0	62	0	0	0	74	44	0	80	0	0	0	96	96	0	99	88	0	72	90	98	0	0	99	80	0	0	83	76	97	0	93	95
Schmidtea_mediterranea	96	92	97	90	94	94	0	99	100	90	0	97	99	95	0	99	96	88	0	0	100	91	94	100	98	95	0	0	93	92	100	96	86	97	97	91	100	84	94	98	96	85	95	99	97	99	94	99	93	98	100	93	98	96	89	99	95	89	97	87	96	97	98	95	100
Brachionus_plicatilis	92	93	0	90	92	0	98	0	100	89	0	96	0	0	0	0	0	0	0	84	0	0	97	99	96	95	96	0	99	0	100	83	0	0	0	91	40	0	88	0	96	0	41	0	67	87	95	99	93	98	100	93	98	97	88	99	0	90	97	90	0	97	98	96	0
Philodina_roseola	91	0	0	0	95	94	0	0	100	89	0	96	0	0	0	0	0	88	0	94	0	0	0	95	0	0	99	99	100	99	100	0	83	0	0	57	0	0	0	98	97	99	95	99	97	0	95	99	94	79	100	93	98	0	90	0	95	90	0	91	96	0	98	98	0
Myzostoma_seymourcollegiorum	0	0	0	0	0	0	0	0	0	0	0	0	0	0	0	0	0	0	0	0	0	0	0	0	0	0	0	0	0	0	0	0	0	0	0	0	0	0	0	0	91	0	78	0	62	0	90	89	88	98	100	91	93	97	90	99	90	92	97	91	98	97	97	97	0
Gnathostomula_peregrina	0	93	0	74	0	0	97	0	0	90	0	0	89	96	95	0	0	89	100	94	0	0	0	0	0	0	0	96	99	0	100	96	0	0	0	0	40	0	23	98	99	0	0	0	97	0	96	0	0	100	93	93	98	98	90	80	95	91	97	90	89	100	98	96	0
Neochildia_fusca	0	0	96	0	0	0	0	0	0	0	0	0	0	0	0	0	0	0	0	0	0	0	0	0	0	0	0	0	0	0	0	0	0	0	0	0	0	0	0	0	0	0	38	0	54	0	73	0	0	0	92	0	0	0	40	95	0	0	40	0	0	0	0	0	100
Symsagittifera_roscoffensis	0	0	0	0	0	0	94	0	0	0	0	0	0	0	0	0	0	0	0	0	0	0	0	0	0	0	0	75	0	0	0	0	0	0	0	0	0	0	0	0	30	0	0	0	0	0	0	35	0	39	0	0	65	43	35	0	0	0	0	55	46	65	57	0	49
Pedicellina_cernua	0	0	0	0	0	93	0	0	0	0	97	0	0	0	0	0	0	0	0	0	0	0	0	0	0	0	0	0	0	0	0	0	0	0	0	0	0	0	0	0	97	0	0	0	97	0	0	0	0	96	0	93	98	97	0	99	0	90	0	91	96	0	98	0	66
Chaetopleura_apiculata	0	0	0	0	0	0	97	0	0	0	0	0	0	0	0	0	0	0	0	0	0	0	0	0	0	0	0	96	0	0	0	0	0	0	0	0	0	0	0	0	97	0	0	0	94	0	95	66	0	98	100	93	98	97	90	99	95	90	97	0	78	97	98	97	0
Euprymna_scolopes	0	55	71	0	0	82	0	25	0	70	0	97	87	86	94	42	0	67	0	0	99	0	0	100	76	0	90	0	0	92	0	0	69	62	0	0	65	0	65	98	83	98	90	0	97	99	92	98	94	99	100	93	0	74	0	85	95	0	97	65	0	87	98	0	100
Chaetoderma_nitidulum	0	0	0	0	0	0	97	0	0	0	0	0	0	0	0	0	0	0	0	0	0	0	0	0	0	0	0	0	0	0	0	0	0	0	0	0	0	0	0	0	97	0	0	0	94	99	96	99	93	98	100	84	97	97	90	82	95	90	97	91	96	97	98	98	0
Aplysia_californica	0	0	0	0	0	0	0	0	88	0	0	0	0	0	0	0	0	0	0	0	0	0	0	0	0	0	0	0	0	0	0	0	0	0	0	91	0	0	0	0	0	0	0	0	0	0	25	0	0	0	0	0	0	0	90	0	91	0	0	0	59	97	0	0	0
Biomphalaria_glabrata	0	0	12	0	0	0	0	0	0	0	0	73	0	0	0	18	0	47	0	0	0	91	22	100	0	79	0	0	0	52	0	0	0	0	0	0	42	0	0	77	97	0	0	0	35	86	95	65	82	98	56	75	99	0	88	99	0	87	97	91	0	63	98	98	100
Mytilus_galloprovincialis	0	0	0	0	0	0	0	0	0	0	0	0	0	0	98	0	0	0	0	94	0	0	47	0	0	99	0	96	0	0	0	0	0	0	0	0	0	0	66	98	95	0	12	0	97	0	0	98	95	98	100	93	96	69	90	99	95	90	0	0	62	97	98	98	53
Argopecten_irradians	0	0	68	0	0	0	0	0	0	0	0	96	0	0	0	68	0	0	0	0	71	48	0	0	0	0	0	68	0	0	0	0	0	0	57	0	0	0	0	0	92	0	50	0	97	99	95	99	95	98	100	93	98	97	90	99	88	90	97	89	96	97	98	97	0
Crassostrea_virginica	90	76	0	0	61	91	0	65	0	90	0	86	0	0	0	58	0	0	61	0	0	0	0	0	0	0	91	0	98	92	0	0	0	62	0	30	0	0	91	96	54	0	95	0	97	99	95	82	95	98	100	83	98	97	90	99	95	0	97	90	0	94	98	98	96
Phoronis_vancouverensis	0	0	0	0	0	0	0	0	0	0	0	0	0	0	0	0	0	0	0	0	0	0	0	0	0	0	0	0	0	0	0	0	0	0	0	0	0	0	0	0	86	0	0	0	0	86	0	88	94	0	0	84	40	0	90	0	0	90	66	91	0	97	98	89	24
Terebratalia_transversa	92	0	0	0	94	0	0	0	0	0	97	0	100	93	0	0	96	78	100	94	0	0	95	0	98	0	95	0	0	92	0	96	86	0	0	0	62	94	0	86	96	98	86	99	0	99	95	99	94	98	100	93	98	97	0	99	89	90	97	90	96	97	98	97	0
Carinoma_mutabilis	93	93	0	0	0	91	0	0	0	0	0	0	0	0	94	0	0	0	100	94	0	0	0	0	0	0	95	0	98	0	0	95	0	0	0	0	0	0	0	0	96	0	95	0	97	87	85	99	90	98	91	93	98	97	90	83	88	90	0	91	96	97	97	0	0
Cerebratulus_lacteus	0	0	0	0	0	0	98	0	100	0	0	0	0	54	0	89	0	0	0	94	0	0	0	0	0	95	0	0	0	0	96	0	0	0	0	0	0	0	0	0	96	0	92	0	95	0	95	99	94	98	100	93	98	97	90	99	41	90	97	91	96	97	97	97	81
Chaetopterus_sp	0	0	0	0	0	0	0	98	0	0	0	0	0	0	0	0	0	88	0	0	0	0	0	0	0	84	95	96	99	0	100	0	0	0	0	0	0	0	95	0	97	0	90	99	97	99	0	99	94	98	100	93	0	97	90	99	95	90	97	91	96	97	98	98	70
Themiste_lageniformis	0	0	0	0	94	0	98	0	0	0	82	0	99	0	94	0	96	0	100	94	0	0	0	0	0	0	94	0	98	92	0	0	57	0	97	0	0	0	0	98	0	0	0	99	97	87	86	99	80	98	100	91	98	96	90	0	95	90	97	91	96	97	98	0	24
Platynereis_dumerilii	0	0	0	90	0	0	0	0	0	0	0	0	0	0	0	0	96	0	0	94	0	0	0	0	0	0	0	0	0	0	0	0	0	48	97	0	0	0	0	98	0	0	95	0	97	87	0	99	94	0	0	0	0	0	0	99	95	90	0	91	0	0	98	0	0
Urechis_caupo	92	0	0	90	94	0	0	0	100	89	97	0	0	0	0	98	0	0	100	0	0	91	95	0	0	0	0	0	0	0	0	0	86	0	0	91	0	0	0	0	97	0	90	0	97	88	95	99	0	98	100	93	98	97	90	63	89	91	97	90	96	97	98	97	0
Capitella_sp	92	89	96	88	94	92	98	98	0	89	96	97	100	78	94	98	0	27	100	0	98	0	95	100	99	95	95	96	0	0	100	96	86	0	97	0	70	94	93	98	97	98	0	0	0	0	95	99	0	79	100	93	98	97	90	99	55	79	97	0	96	97	98	0	48
Lumbricus_rubellus	92	75	79	90	0	92	98	0	100	89	97	0	100	0	0	83	96	0	100	94	99	47	0	91	0	93	95	0	0	0	0	0	0	43	0	0	68	0	74	100	97	0	95	99	97	99	95	99	0	98	0	0	0	0	90	0	95	91	97	91	48	97	98	97	0
Haementeria_depressa	70	0	0	0	0	0	0	0	0	89	0	0	0	0	0	0	0	0	0	0	83	0	0	0	0	0	0	0	0	0	0	0	0	0	67	0	0	0	0	0	84	0	28	0	61	0	50	0	0	98	100	71	97	93	90	0	0	0	0	0	0	0	0	48	34
